0,0,12,3554,28,291,432,2,95
0,1,16,1199,18,299,2,87
0,2,16,1163,3,98,87
0,2,16,711,7,55,89
1,5,16,63,4,16,1,91
1,5,16,78,1,7,1,93
1,3,13,65,3,1,0,2,89
1,5,16,92,2,11,1,82
0,0,15,3502,15,328,489,8,80
0,1,14,1368,5,214,4,81
0,2,12,535,2,44,85
0,2,16,1120,4,85,94
1,5,16,77,4,9,1,94
1,5,15,45,6,20,1,87
1,3,13,90,1,0,1,3,83
1,3,14,38,10,1,0,2,77
0,0,14,3819,29,328,509,13,91
0,1,12,1884,9,261,4,95
0,2,1293,12,106,98
0,2,6,304,1,18,81
1,3,12,87,4,3,3,9,80
1,3,16,114,3,1,2,5,78
1,3,15,53,5,2,1,1,85
1,5,16,77,1,9,0,83
0,0,15,2957,15,301,510,16,74
0,1,14,1261,6,268,2,87
0,2,16,954,4,78,90
0,2,15,559,4,54,81
1,4,14,52,1,88
1,5,13,55,6,9,1,84
1,3,15,53,8,1,0,1,86
1,3,16,129,5,1,0,2,81
0,0,1,150,1,14,21,1,69
0,1,14,1052,12,195,2,83
0,2,16,1153,5,83,85
0,2,16,1003,8,89,86
1,3,16,73,11,5,1,3,98
1,3,16,57,7,6,0,1,86
1,5,16,65,5,12,0,80
1,3,15,103,0,2,1,2,72
0,0,5,721,8,55,87,3,71
0,1,15,1423,8,261,4,85
0,2,16,1153,4,94,87
0,2,15,744,4,56,81
1,4,16,72,5,0,92
1,5,6,51,1,4,0,94
1,4,16,29,12,5,87
1,3,15,114,0,1,2,4,79
0,0,15,3667,23,311,459,4,84
0,1,15,1994,16,322,5,87
0,2,13,796,8,50,92
0,2,16,673,3,69,91
1,3,15,145,0,0,0,1,90
1,5,16,81,1,10,85
1,5,12,85,2,4,87
1,5,12,46,1,8,83
0,0,16,4944,38,373,534,7,91
0,1,16,1541,13,227,1,88
0,2,14,1409,6,83,97
0,1,13,941,11,118,1,85
1,3,16,39,16,6,0,1,82
1,5,14,105,0,9,83
1,5,9,30,1,4,2,89
1,3,15,106,0,1,3,11,77
0,0,16,4219,21,353,546,11,88
0,1,9,445,3,109,0,81
0,2,16,1130,7,94,89
0,2,16,923,6,65,93
1,3,16,168,5,0,1,3,92
1,5,12,81,2,8,1,95
1,5,16,58,4,13,0,91
1,4,11,34,5,0,90
0,0,16,4428,40,401,610,7,96
0,1,15,805,3,77,77,2,78
0,2,16,1257,14,97,90
0,2,13,643,4,60,87
1,3,12,24,5,1,0,3,83
1,5,16,79,5,7,1,84
1,5,15,91,2,9,0,86
1,4,16,33,4,0,87
0,0,16,4027,26,377,598,16,79
0,1,13,794,4,181,1,80
0,2,16,1376,10,101,93
0,2,16,714,8,65,80
1,5,16,125,5,13,0,92
1,4,16,86,3,1,88
1,5,15,49,3,18,1,90
1,5,15,49,6,21,1,89
0,0,16,4327,24,388,594,10,85
0,1,14,530,4,88,1,74
0,2,16,1081,4,91,87
0,2,15,933,4,55,84
1,5,13,44,2,13,1,88
1,4,13,35,2,0,82
1,5,14,87,2,2,0,83
1,5,16,58,2,5,1,83